543
551
555
556
560
561
573
575
579
584
591
593
603
609
612
614
619
623
626
630
633
635
646
660
666
673
674
677
681
682
686
689
709
710
713
717
718
721
724
730
731
734
737
738
744
745
748
753
757
759
761
763
764
765
767
768
769
780
781
783
787
788
791
806
810
811
813
815
821
825
827
832
846
849
852
853
858
868
870
874
880
885
908
912
915
917
919
923
927
935
945
946
947
955
959
961
969
971
972
973
975
979
982
984
986
989
992
995
997
999
1010
1011
1017
1022
1025
1026
1034
1036
1040
1043
1046
1047
1048
1053
1057
1065
1066
1067
1068
1076
1077
1085
1094
1104
1111
1120
1122
1126
1130
1132
1134
1135
1136
1138
1139
1140
1151
1155
1162
1163
1165
1166
1171
1173
1174
1175
1178
1181
1182
1183
1184
1189
1191
1193
1194
1203
1208
1212
1218
1221
1222
1223
1224
1230
1233
1236
1242
1243
1246
1251
1254
1255
1258
1260
1263
1264
1265
1272
1276
1278
1279
1280
1284
1287
1289
1291
1294
1296
1297
1300
1301
1304
1312
1314
1317
1318
1319
1325
1327
1328
1330
1331
1332
1337
1339
1340
1341
1342
1343
1345
1349
1350
1352
1353
1357
1361
1362
1364
1371
1373
1375
1379
1383
1385
1389
1390
1393
1396
1397
1399
1400
1401
1404
1408
1409
1413
1416
1417
1419
1422
1426
1428
1429
1430
1431
1437
1439
1441
1444
1451
1454
1455
1458
1459
1460
1461
1463
1465
1466
1467
1469
1473
1474
1479
1481
1483
1486
1491
1494
1495
1497
1498
